22/11/2021-10:57:421923
TOUR          1              
39879          21/11/2021
POULE          4              
-114           481                                          36295          1    Poule 1                         1       0                                                    SPIDD                    22/11/202139997          1       
-115           481                                          36295          2    Poule 2                         2       0                                                    SPIDD                    22/11/202139997          2       
-116           481                                          36295          3    Poule 3                         3       0                                                    SPIDD                    22/11/202139997          3       
-117           481                                          36295          4    Poule 4                         4       0                                                    SPIDD                    22/11/202139997          4       
INSCRIPTION    16             
65241          114564         39879          21      1       25      0-114                          1       12      D39997          08       2302           985110         39997          9141941 
65242          114565         39879          22      1       65      0-115                          2       16      D39997          03       2302           956659         39997          7869230 
65243          114566         39879          23      1       80      0-116                          3       9       D39997          02       2302           924954         39997          7866509 
65244          114567         39879          24      1       40      0-117                          4       13      D39997          05       2302           874932         39997          9444231 
65245          114568         39879          25      2       100     0-117                          5       8       D39997          01       2302           988868         39997          9448627 
65247          114570         39879          26      2       50      0-116                          6       4       D39997          04       2302           980049         39997          9533653 
65248          114571         39879          27      2       35      0-115                          7       5       D39997          06       2302           978381         39997          9141801 
65249          114572         39879          28      2       30      0-114                          8       1       D39997          07       2302           973976         39997          9245934 
65251          114574         39879          29      3       10      0-114                          9       14      D39997          011      2302           1269467        39997          9148161 
65252          114575         39879          35      4       3       0-115                          15      3       D39997          015      2302           1074955        39997          7729149 
65254          114577         39879          33      4       20      0-117                          13      11      D39997          09       2302           1157301        39997          9250842 
65255          114578         39879          31      3       5       0-116                          11      15      D39997          013      2302           1131115        39997          9536036 
65256          114579         39879          30      3       0       0-115                          10      10       39997          0999     2302           1020601        39997          7521524 
65257          114580         39879          32      3       7       0-117                          12      2       D39997          012      2302           1022488        39997          9450860 
65258          114581         39879          34      4       15      0-116                          14      6       D39997          010      2302           1175508        39997          9536765 
-103           -103           39879          36      4       4       0-114                          16      7       D39997          014      2302           1162383        39997          9145595 
NIVEAU         4              
-102           39997          3501           22/11/2021                                     
-103           39997          3502           22/11/2021                                     
-104           39997          3503           22/11/2021                                     
-105           39997          3504           22/11/2021                                     
CLASSEMENT     16             
-173           -117           2               2       1               0                                              874932         39997                          PR9444231 
-166           -116           1               3       0               0                                              924954         39997                          PR7866509 
-165           -115           1               3       0               0                                              956659         39997                          PR7869230 
-159           -114           1               3       0               0                                              973976         39997                          PR9245934 
-164           -115           2               2       1               0                                              978381         39997                          PR9141801 
-167           -116           2               2       1               0                                              980049         39997                          PR9533653 
-158           -114           2               2       1               0                                              985110         39997                          PR9141941 
-172           -117           1               3       0               0                                              988868         39997                          PR9448627 
-163           -115           4               0       3               0                                              1020601        39997                          PR7521524 
-171           -117           4               0       3               0                                              1022488        39997                          PR9450860 
-162           -115           3               1       2               0                                              1074955        39997                          PR7729149 
-168           -116           4               0       3               0                                              1131115        39997                          PR9536036 
-170           -117           3               1       2               0                                              1157301        39997                          PR9250842 
-161           -114           4               0       3               0                                              1162383        39997                          PR9145595 
-169           -116           3               1       2               0                                              1175508        39997                          PR9536765 
-160           -114           3               1       2               0                                              1269467        39997                          PR9148161 
PARTIE         52             
-225           1074955        1020601                       28      1012302           021/11/2021        0                               7729149 7521524 
-224           1162383        1131115                       27      0102302           021/11/2021        0                               9145595 9536036 
-223           1022488        1269467                       24      0102302           021/11/2021        0                               9450860 9148161 
-222           1175508        1157301                       23      0102302           021/11/2021        0                               9536765 9250842 
-221           973976         985110                        16      1002302           021/11/2021        0                               9245934 9141941 
-220           978381         874932                        15      0102302           021/11/2021        0                               9141801 9444231 
-219           980049         956659                        12      0102302           021/11/2021        0                               9533653 7869230 
-218           988868         924954                        11      1002302           021/11/2021        0                               9448627 7866509 
-217           1020601        1131115                       26      0112302           021/11/2021        0                               7521524 9536036 
-216           1074955        1162383                       25      0102302           021/11/2021        0                               7729149 9145595 
-215           1157301        1269467                       22      1002302           021/11/2021        0                               9250842 9148161 
-214           1022488        1175508                       21      0102302           021/11/2021        0                               9450860 9536765 
-213           985110         874932                        14      0102302           021/11/2021        0                               9141941 9444231 
-212           973976         978381                        13      0102302           021/11/2021        0                               9245934 9141801 
-211           924954         956659                        10      1002302           021/11/2021        0                               7866509 7869230 
-210           980049         988868                        9       0102302           021/11/2021        0                               9533653 9448627 
-209           1269467        1131115                       20      1002302           021/11/2021        0                               9148161 9536036 
-208           1020601        1157301                       19      0112302           021/11/2021        0                               7521524 9250842 
-207           1175508        1162383                       18      1002302           021/11/2021        0                               9536765 9145595 
-206           1022488        1074955                       17      1002302           021/11/2021        0                               9450860 7729149 
-205           874932         956659                        8       0102302           021/11/2021        0                               9444231 7869230 
-204           924954         985110                        7       1002302           021/11/2021        0                               7866509 9141941 
-203           978381         988868                        6       0102302           021/11/2021        0                               9141801 9448627 
-202           973976         980049                        5       0102302           021/11/2021        0                               9245934 9533653 
-201           874932         1269467                       4       1002302           021/11/2021        0                               9444231 9148161 
-200           1157301        985110                        3       0102302           021/11/2021        0                               9250842 9141941 
-199           978381         1175508                       2       1002302           021/11/2021        0                               9141801 9536765 
-198           1074955        980049                        1       0102302           021/11/2021        0                               7729149 9533653 
-197           1022488        1157301                       6       0102302           021/11/2021        0                               9450860 9250842 
-196           874932         988868                        5       0102302           021/11/2021        0                               9444231 9448627 
-195           988868         1157301                       4       1002302           021/11/2021        0                               9448627 9250842 
-194           874932         1022488                       3       1002302           021/11/2021        0                               9444231 9450860 
-193           988868         1022488                       2       1002302           021/11/2021        0                               9448627 9450860 
-192           874932         1157301                       1       1002302           021/11/2021        0                               9444231 9250842 
-191           1131115        1175508                       6       0102302           021/11/2021        0                               9536036 9536765 
-190           924954         980049                        5       1002302           021/11/2021        0                               7866509 9533653 
-189           980049         1175508                       4       1002302           021/11/2021        0                               9533653 9536765 
-188           924954         1131115                       3       1002302           021/11/2021        0                               7866509 9536036 
-187           980049         1131115                       2       1002302           021/11/2021        0                               9533653 9536036 
-186           924954         1175508                       1       1002302           021/11/2021        0                               7866509 9536765 
-185           1020601        1074955                       6       0102302           021/11/2021        0                               7521524 7729149 
-184           956659         978381                        5       1002302           021/11/2021        0                               7869230 9141801 
-183           978381         1074955                       4       1002302           021/11/2021        0                               9141801 7729149 
-182           956659         1020601                       3       1002302           021/11/2021        0                               7869230 7521524 
-181           978381         1020601                       2       1002302           021/11/2021        0                               9141801 7521524 
-180           956659         1074955                       1       1002302           021/11/2021        0                               7869230 7729149 
-179           1269467        1162383                       6       1002302           021/11/2021        0                               9148161 9145595 
-178           985110         973976                        5       0102302           021/11/2021        0                               9141941 9245934 
-177           973976         1162383                       4       1002302           021/11/2021        0                               9245934 9145595 
-176           985110         1269467                       3       1002302           021/11/2021        0                               9141941 9148161 
-175           973976         1269467                       2       1002302           021/11/2021        0                               9245934 9148161 
-174           985110         1162383                       1       1002302           021/11/2021        0                               9141941 9145595 
TABLEAU_PARTIE 52             
-225                          -105           65252          65256          -225           8       28      15      21/11/2021     2020                   16      2-15  
-224                          -105           -103           65255          -224           7       27      13      21/11/2021     2019                   14      7-10  
-223                          -105           65257          65251          -223           6       24      11      21/11/2021     2016                   12      6-11  
-222                          -105           65258          65254          -222           5       23      9       21/11/2021     2015                   10      3-14  
-221                          -105           65249          65241          -221           4       16      7       21/11/2021     2008                   8       4-13  
-220                          -105           65248          65244          -220           3       15      5       21/11/2021     2007                   6       5-12  
-219                          -105           65247          65242          -219           2       12      3       21/11/2021     2109                   4       8-9   
-218                          -105           65245          65243          -218           1       11      1       21/11/2021     2108                   2       1-16  
-217                          -104           65256          65255          -217           8       26              21/11/2021     2018                           10-15 
-216                          -104           65252          -103           -216           7       25              21/11/2021     2017                           2-7   
-215                          -104           65254          65251          -215           6       22              21/11/2021     2014                           11-14 
-214                          -104           65257          65258          -214           5       21              21/11/2021     2013                           3-6   
-213                          -104           65241          65244          -213           4       14              21/11/2021     2006                           12-13 
-212                          -104           65249          65248          -212           3       13              21/11/2021     2005                           4-5   
-211                          -104           65243          65242          -211           2       10              21/11/2021     2107                           9-16  
-210                          -104           65247          65245          -210           1       9               21/11/2021     1954                           1-8   
-209                          -103           65251          65255          -209           8       20              21/11/2021     2012                           14-15 
-208                          -103           65256          65254          -208           7       19              21/11/2021     2011                           10-11 
-207                          -103           65258          -103           -207           6       18              21/11/2021     2010                           6-7   
-206                          -103           65257          65252          -206           5       17              21/11/2021     2009                           2-3   
-205                          -103           65244          65242          -205           4       8               21/11/2021     525                            13-16 
-204                          -103           65243          65241          -204           3       7               21/11/2021     1953                           9-12  
-203                          -103           65248          65245          -203           2       6               21/11/2021     1952                           5-8   
-202                          -103           65249          65247          -202           1       5               21/11/2021     1951                           1-4   
-201                          -102           65244          65251          -201           4       4               21/11/2021     1950                           13-14 
-200                          -102           65254          65241          -200           3       3               21/11/2021     524                            11-12 
-199                          -102           65248          65258          -199           2       2               21/11/2021     1949                           5-6   
-198                          -102           65252          65247          -198           1       1               21/11/2021     1948                           3-4   
-197           -117                          65257          65254          -197                   24              21/11/2021                                    3/4   
-196           -117                          65244          65245          -196                   23              21/11/2021                                    1/2   
-195           -117                          65245          65254          -195                   22              21/11/2021                                    2/4   
-194           -117                          65244          65257          -194                   21              21/11/2021                                    1/3   
-193           -117                          65245          65257          -193                   20              21/11/2021                                    2/3   
-192           -117                          65244          65254          -192                   19              21/11/2021                                    1/4   
-191           -116                          65255          65258          -191                   18              21/11/2021                                    3/4   
-190           -116                          65243          65247          -190                   17              21/11/2021                                    1/2   
-189           -116                          65247          65258          -189                   16              21/11/2021                                    2/4   
-188           -116                          65243          65255          -188                   15              21/11/2021                                    1/3   
-187           -116                          65247          65255          -187                   14              21/11/2021                                    2/3   
-186           -116                          65243          65258          -186                   13              21/11/2021                                    1/4   
-185           -115                          65256          65252          -185                   12              21/11/2021                                    3/4   
-184           -115                          65242          65248          -184                   11              21/11/2021                                    1/2   
-183           -115                          65248          65252          -183                   10              21/11/2021                                    2/4   
-182           -115                          65242          65256          -182                   9               21/11/2021                                    1/3   
-181           -115                          65248          65256          -181                   8               21/11/2021                                    2/3   
-180           -115                          65242          65252          -180                   7               21/11/2021                                    1/4   
-179           -114                          65251          -103           -179                   6               21/11/2021                                    3/4   
-178           -114                          65241          65249          -178                   5               21/11/2021                                    1/2   
-177           -114                          65249          -103           -177                   4               21/11/2021                                    2/4   
-176           -114                          65241          65251          -176                   3               21/11/2021                                    1/3   
-175           -114                          65249          65251          -175                   2               21/11/2021                                    2/3   
-174           -114                          65241          -103           -174                   1               21/11/2021                                    1/4   
MEMO           1

